year	previous	food_price_growth	salary_growth	difference
2007	2006	    -4,7	            10,1	        -14,8
2008	2007	    -10,1	            13,3	        -23,4
2009	2008	    -2,1	            -1,7	         -0,4
2010	2009	    -8,4	            3,5	          -11,9
2011	2010	     8,6	            3,9           	4,7
2012	2011	     4,1	            6,5	           -2,4
2013	2012	    -4,0	            0,9	           -4,9
2014	2013	     38,3	            5,1	           33,2
2015	2014	    -14,1	            1,8	          -15,9
2016	2015	     0,4	            7,1	           -6,7
2017	2016	    -5,7	            31,6	        -37,3
2018	2017	     9,2	            -15,3	         24,5
